3565457643455903
342284340443339
30398945519504
4872683140576141
6011125725118557
4049074240173854577
3533750976479055
3568450889088576
4497020897934
571172718686
4157560381227673
30108920185258
3550436251389981
4618324483623149459
4933594869503236984
213161035236713
180006519064900
2268038048558319
2611940860814551
345559523374535
4333116133168983
4736652943197
30369640751627
6546948701950279
4897976584040
4442953876547
6590660879525198
6011516813149514
341478110996143
341484541649517
4605543682076
370932687994083
2234796891999085
4823624269746511
4073863130679067201
4763698427567813
30505535302899
501872107385
3596217454808449
213156533404342
4248792340998687
379135144370654
6537480199329643
341356700305406
180068615340519
6590806936639114
213102300804116
180022361203223
180035337756702
345910146931286
676194359714
3502200363297030
346658994713004
676220037813
6011447945234547
2700966856154381
3585360596750690
4742114997088988
4464202715857234390
3596177113462121
3561120315862509
581924182917
4989615510022973718
3584672842920674
4842505296088
589954559409
4880682880597879
3555120567027940
565076113143
4975862461414
30208186776061
180099803021736
4861649233944824817
4874774856748
3504096309614280
6544559417050015
501801890622
6540207246742881
501821961197
4451982676038966
4112194141028955778
346095842537253
347022711472924
501827550358
4021004971570
4364456371232
4237884367563115
180029555654129
348798145069548
4152311953547584
4393816776398733
3586129944279960
213140963205965
4650225316939956
060488096714
4613585105158126
3594880317049899
4205231707176406
2670889190378282
3553337594391832
676282044319
4323183499722912
3551610924415899
6553335966542613
6544131376565803
180069424613989
180034434076916
213184146637686
4573282117255128
372030659082595
2703174699557327
4858208674066
180032260886671
6011156296721685
4077124176946880484
2718676194240566
30292908155218
4974969886658023893
3511299619974524
580013007134
503803938227
375710267369917
3544315880786040
6503254582289171
502054036202
4876910724409
4392983717561127215
4850621838658918
4164363430851
6011679466451684
4831304328895
377973383035410
676367276992
4984325201313093489
30253283120045
213111909081620
341900001082816
4049254234605
4842176244759967
4176573871515710
213199151494195
6011822606963198
36841666087197
4059335225183
6582744232363396
30088834166042
6504018158063693
6011836378738760
2252382685720388
213193561206752
30332036409812
180028694206627
2298055948120382
4638203648856476
180028196990710
6529921667933622
348593999690196
347989852606447
213177814442314
3557801211938214
6011901092947590
4423423195585
4773192383347608
574221263720
3556753522638804
3528836791937653
6011250580674518
4038908092416389
3553285884316987
3561444300520942
4611262928803955
36571606671376
3539470267034824
4910382209664499549
4846784729552462
4972887706647548
3513782991078061
6504779185551659
36947213470230
180040014507683
502027905905
4245472512398
572746692589
6530608869802872
4698434561251211482
6511421050592457
4520081992742687208
30271042183880
4598976129729677308
4801537949349724887
30466873443516
676229866147
6011473966879481
4101792235929546
6011595296487633
5145464254128179
340270374587176
3573299654397172
2703909244665558
4305597486962532
2224248692655203
4075414683752039
3598318492504939
213130975037209
349952804099572
4662953021272592540
3569499523523877
180036120064841
3511922716360202
4439234555767
6011311422137260
676291834809
4262765377760568484
6011525839536273
4683602600850043
5429140247803493
4559014956742421
2299599877878113
3513069450575534
3564707389842230
4578678863659071
4989849903513
501839762793
5109294927280527
4182796667584
3575471849428430
3552242024999439
3597721047909142
180082337573901
2287794566192678
4068869799617781
4279792883331942067
4496723509937
4919862025288809
4842025818650221564
4921661786746051207
4567556535822538
3579121560242868
180039101430411
38703478355097
676172312842
4798841735881141
4891125606115022222
342950001872202
4317802347955535
3533573555580691
4729781243064840797
4499177595396306
30478994484600
3524943223232283
30445602303555
4326327033191061
4829410535916
3584008037048015
340471366121400
3585961407332170
340760256822543
4770488980080857467
3510560873063002
4971060452560
4010731127556991
213195449950428
36859519601121
6538887565774856
4319872934195686
372998582627423
180083014422677
4169226622743
377530536923981
4955096635049321952
374950889692103
4384471012959
213114270176094
30120574812491
4572868176868292858
4033041467220792153
2579949907097054
4318098344478
2288481514748681
4155158601391
3541708987171210
2576770411986274
346294068940297
4346427178659769
4505386677250
4156567559147394
4284228295996413140
4294903270351382
377929549448228
2478272217371628
4559456156194765996
4595624508655911579
343521408420462
4933252097105778822
4482682727152484
180097377613706
38417749803278
3544728003629741
4622189331813643
4192066394722959714
503893010762
3584019735218263
38030035788242
2667537075561572
374373171830077
4103612954919866
376423098724115
344943246249862
372005148591760
213193813600257
36234231948897
4599498127288988
36524847923593
4205176993043788
30042237294802
3590842025316519
6011919109269402
2407953913013558
347083076898269
213118033631568
4329750404758942564
3549277790192237
3542783552160095
2233835182989644
3591055952022708
3582083077354880
4357088787797683
6011345004220524
341173486601100
4850787992142
2720520839704279
4945222993125
2291262448173088
4171806909813
3530726579515571
4189103892897528
213159542186454
676103419302
5289936359168115
4567349819827500
36856732104628
6011258265707099
3500528572162385
213164044220538
4520243642981137
3538140746011989
3514941204212391
3531667197348970
676228637036
213106032991513
575010026822
348106577916220
4286824722903978
3560575636732205
2668773874878771
6011210559762215
347557955652319
4087820120260376
30108382865546
4627525690091
345424058683679
4053459251657009
4901333637416
30251795067951
2255367537222565
4302979475521516
5578041160794538
4588073106189
639032448917
346968247225247
213148116177973
38909866176405
4088511149115
213120876500108
3535900652708578
6011070001744728
5308487074368959
676399092250
3525747605307921
2718832066054409
345937975356327
4628044295498569456
4127552741947782
4264851806115938571
3597861855644363
373704970548265
4467702739242401
060456458607
4310472549322152
346608329322278
6011644067527241
30062042870471
4407906082671776
675989668396
3507443941713079
3550079449007097
4603961101258631886
3560479830937779
3554445689793785
3529769830104481
377287924882929
6011025575767745
4340710534948
4442856424035114
3506028041214895
6545202410394226
4273029256723
4714359932698
4234693491989353580
4223982756841973376
180056070867001
4662120710800654
4713151839928489
6580924483322174
30211060479505
5409594059372654
6540549502693369
4684380058366072
501829183729
4889885582601078
4750229327413194729
4462190727795140
378578423477735
2709434301961653
180084592806091
4777703409872333911
676230258904
5185634186328086
4016640435320012
4039286692674155
4964604880911925
341867518138698
6501738673843971
4741204826478202
180086938973444
344353618713604
3567391741681763
344414180431809
3593762971561255
4283987137302
4862916773233644
4585241382347651
4813365390831309
3598337976799054
373176141243987
3562591287390746
3552812385639210
4366933881873
340948265660067
501880146912
4474987312546
4811992978478039
377182070902490
3501184827273863
676399558953
2275508861535462
3523751737727149
3567266204008565
4275776322889
3582567489932655
578847646325
3533158621129374
060434415240
4637694430765787
30404585284936
3535453407458511
379081073498613
30421818419469
3555272555068145
180038081918387
213110592565360
30424979745151
5481155705519964
4077470206408853
4557948711156678
676267761168
4167434698151000
4756258702447732309
213104643615977
3551803644929154
4062593689827
30539305440894
30119473156075
4353467568381
4661744493661693
676220467846
375554820436460
213105020352233
5560942060824004
180097980440976
3565152037516853
2707114133002510
30031624210323
4614031743288716097
371649760442298
213120646355007
342454694526340
6011940953517902
3574115771130206
4459965364170714
2265654644533598
3575560237329307
4992466794231
6011715323087095
4293588933853840
4943085850908065
4850427523841298193
4715293364707093519
6011428185315576
4347916700221388167
4608635057793
3563258858001552
676207468841
2720296171787921
213121626796053
3599355704956472
345144607285582
3579510876901649
4704185619118714
4983815573202
4529665100080135419
213191373218353
4746986657405
4941624053943703674
30134994933506
3590875471159397
639086665242
4870900592660
2592749897396125
5520489993624142
3595739305293506
371815353494687
4461393014429917
3570238935069211
6590681748509098
5190191081415297
213168695223816
6583937500721886
213153338983927
180070281833777
213128472559378
38125571979492
180034864665873
4375851458903
377714558098464
213189175924913
371344829339293
3579819593115452
180043616206142
213152387680046
3505308253323191
4252463087364
3509831515197521
2239023625584223
180066944488223
4279998133884
180091973524508
4317813773630401
4035891289780291
30528018153522
6529248769564588
4241122663133125
2272043363229615
4720819576217423481
2234806793244462
3517406764383005
2710152745375762
4008313646667429113
3508716544884812
4542358826191690224
3562402431461567
376118490001753
374920110177810
4296108555186
4712425006080124464
213128275113019
503821945634
38657631239517
348767317070089
3536619052844374
4164052281045
3553182783877302
575023974935
3529271642605482
6578170430934638
676161497018
503855997980
4439640840078246
38338566152716
4423318540823299203
3581093756885840
502021460758
3593776246083598
675982373275
4328848799277
30234265780733
3508271113847980
3553961112311772
676168134143
4144177037653024
3519370160396581
630497681910
349964022897497
30334805686406
4584890372435
344678901709558
340460437935286
4819968755700306275
4351734119571066
340352713682106
3588634700720956
4077847057240194978
2488007312877451
180047743747241
2517950877130573
6551069088194159
3506916593996796
30054854337962
4165001448049
676182042066
4064355660137
180042862991530
3537313920299180
4337448031228882
4933812282336691001
30085596597992
675980325657
2278237669202003
30042180212942
4305320987892185
3501563090985115
30356723639225
30442002635470
180094993418479
3537544061616051
4532673541039296
576019973857
213160080909869
4377460928501875275
4709190197010874
30066377466292
4989738570845
3591043924222861
6539753584992342
3529310258953420
3518549952787773
3500288232231415
4943214359595161
4800847332974891049
560272046437
3584601799397214
4187278713633815
3563514174878143
3537470844917600
30263568524472
180020453248650
377537917930022
639098096451
4692166720050040
2228041401642042
3504758090300094
375926053508977
4178955258512584
378130841396285
4348955714424213
4141621603019351798
375276330022248
5496738768701901
180065327977174
4392235500407439697
4182111656796304
5497952533150331
213125686274638
4999826861350851
30498628643330
4160637296713677
213164028966817
30244961511613
060411475795
4914168169924638
5413879767882910
4769195563071183
38744169234381
4713281866701
6011727619037056
3509097843336807
344925822601269
6011602067784048
501881542648
180057377116639
676188125311
4743265819038
4441971833324156
30134194233004
213161223601777
4549925463400731059
561516470623
30150593402065
3590416371604289
213184878102610
342805295483977
6537442675173937
6011066252715615
3523606141818571
180001908518368
2222176834606382
4936807145242581
060415080245
4495443752347333170
6525107930906868
3540886296150538
36509353287442
2290155419163081
213132079773291
5542799677197932
180099733677771
5294830138598481
4085998486092153
2700815648207645
4519312598991476749
3537613077697023
3520958025540042
180008897540386
213107984807541
503864999001
4395156190191
6556844056367739
4551197508238987658
4918884639108625463
6559811042335747
2254669351482345
30131252519811
5187237245524725
6525610482824587
342665926137222
3531257491694780
4398781893799921
4410459115378592
372471348051478
4336926495919717
4532190810886273
3558258432226862
30428940835595
3589802346393723
30039390502674
2305814607169903
343033774222480
676347636836
6553252208415831
36805466659182
3551000322034353
4220906786519229222
676224922069
4521814977282785
30029938228254
502069015340
4046039653379399405
4746451398195516196
30210090908053
4156891810752
6011009437543171
3571513258084701
4471696730209963131
4790157624154989
370425858735716
180078310412414
374859459828882
3587641037713449
4274723583788359
4273935398376045
213104590444850
4289446761575355
3561881544843343
30227396035530
30580696520787
4239204678458624
3577893708619866
4983029758753596
4689773383656783199
2259908593876855
4795112512840137
3501313920449274
2251219397789981
373365499027353
4754040616185498
4433657988314478
3502178987226785
213161462322762
378385950483544
3500927078269977
2283795093423894
4407584346876331
502010729544
6532114513580707
4651135269624733593
060415623556
502026475512
2224146730797120
30210640491949
3579366970575338
38027948374144
4256986247329884
3511314019077834
4730380102663
4006393210938
4870873034534
4589965875772613
4677259628801918
6011154990263690
4948390405062
3597461558757859
4805666027155321
30450215484289
180038849189875
566669993628
180026738776399
4746445742342031
2266061176287982
4152930471751301
4959849032351837936
6011977135490756
30288291161144
6544906289004820
2509405855140771
4875565337852251
373268975793011
4951171094511443133
3593505992102645
4413931768731647
2691097528828854
4269030140498066419
4252649985398255
4148564098932270
503883442686
30505491230217
2701347094631580
344736854674102
4060933619351027
4323298120187283
4063654081751292890
3585541979992799
3573033868403371
6011417062475686
4503920416681
4488365500339378714
213140307715240
567740282312
30325170921162
3569288039068174
4840406283818614171
4774299894890254
38924461572460
4062203583360778
4193627342610
639063240308
3548632558901438
3563791695117827
4415331850994947533
3534615725055341
30160111371759
30463987437815
4648168558438670579
6011723533723525
3524335210962875
4843206481581
4041987343068897
3501213474551055
343451787304618
585755515764
6519411779028448
5246985331334842
5323145695580623
2241682860440999
3523473940285498
675924765729
4430689344757
4858151232334306
4808501423109
4474530037734287
3572858682678373
4561398090324766
30511347837684
2273806179210238
376385434316197
3594775995844274
4587100375877868
180085721712985
213158917594052
2282993725488713
4485296995680
4040745783555949034
341489196403995
180007373446738
4003546167396
3523169984603774
6011859811144602
6544172435450272
4406658890708719
4539633189288806
3545703623552796
3510495554142173
344097377035929
213161898500502
630442512483
4607356712230
4251508156986
3547413588973833
4653485956951755
3587215104712376
4570620583585056792
4251956112889374
3586921100920191
180048785121899
341766685381265
2335267149582485
6011456199938521
3510522975793811
6011121678791045
4782024308503
6561633330406675
2244799049235418
4453473877846058
4996752139480
4922946514817550401
4592387327430317
3574053785658757
2266367819532605
2715927468810789
4166606081331106
3518045062172741
2665729847070386
4962161336251424
342776944858531
5381077883244929
2338083192184559
4123465103479828317
4622240332608
4518166121423
4756260231206066127
4967562792663055497
4571357028917511
341539113233527
213109671124594
6011659733880105
38645444774549
3545931447006356
3507762674044091
180096878980622
36816195569485
3525447398763998
2647190134894728
213162009162331
4195454272344439
30352979413944
4119187890735553
4165016627184434453
2364057024880425
213196517430368
4662103302775534
213190630245498
4262229828791251
6585751892279777
2227992600277066
4423901009290420
3518010417959267
3509486549067248
2400294092727982
30499401867773
4809713521990876818
4978241470209651
4306246711967697
375152494886357
4063822129868082
4663428725827681161
2713349375692113
3596242773543865
3510774028529904
4987416675272212
4069639111963
180078475977011
4803827931852971
340201160096817
30518842827383
213109978394346
4856731645949550
4891459160220
3556987466896107
583988703059
569536136512
213178379941393
4335843979510611991
4992125522114
571796652949
5455998379619863
4517249313565773
377303367867531
5315304851963491
4517571125409589
347313653761998
676331055068